INSERT INTO pez_carta_nacional(peces_especie_id,carta_nacional_id) VALUES 
(1,7),
(1,14),
(1,20),
(5,7),
(5,14),
(5,20),
(6,7),
(6,14),
(6,20),
(7,5),
(7,12),
(7,18),
(8,5),
(8,12),
(8,18),
(9,5),
(9,12),
(9,18),
(11,2),
(11,14),
(11,20),
(14,7),
(14,14),
(14,20),
(15,7),
(15,14),
(15,20),
(16,7),
(16,14),
(16,20),
(16,22),
(16,30),
(16,33),
(17,7),
(17,14),
(17,20),
(18,7),
(18,14),
(18,20),
(20,7),
(20,14),
(20,20),
(21,7),
(21,14),
(21,20),
(22,7),
(22,14),
(22,20),
(23,7),
(23,14),
(23,20),
(27,5),
(27,12),
(27,20),
(28,5),
(28,14),
(28,20),
(28,22),
(28,28),
(28,33),
(29,22),
(29,28),
(29,33),
(31,5),
(31,12),
(31,18),
(32,7),
(32,14),
(32,20),
(33,5),
(33,12),
(33,18),
(34,5),
(34,12),
(34,18),
(35,24),
(35,30),
(35,35),
(36,24),
(36,30),
(36,35),
(38,7),
(38,12),
(38,18),
(39,7),
(39,14),
(39,20),
(40,5),
(40,12),
(40,18),
(41,7),
(41,14),
(41,20),
(42,5),
(42,12),
(42,18),
(46,7),
(46,14),
(46,20),
(47,7),
(47,14),
(47,20),
(48,7),
(48,14),
(48,20),
(49,5),
(49,14),
(49,20),
(50,7),
(50,14),
(50,20),
(51,7),
(51,14),
(51,20),
(52,5),
(52,14),
(52,20),
(53,7),
(53,14),
(53,20),
(54,22),
(54,28),
(54,33),
(55,22),
(55,28),
(55,33),
(56,7),
(56,14),
(56,20),
(57,7),
(57,14),
(57,20),
(63,24),
(63,30),
(63,35),
(64,5),
(64,12),
(64,18),
(64,24),
(64,30),
(64,35),
(65,5),
(65,12),
(65,18),
(66,24),
(66,30),
(66,35),
(67,5),
(67,12),
(67,18),
(68,24),
(68,30),
(68,35),
(69,5),
(69,12),
(69,18),
(69,24),
(69,30),
(69,35),
(70,24),
(70,30),
(70,35),
(71,5),
(71,12),
(71,18),
(71,24),
(71,30),
(71,35),
(72,5),
(72,12),
(72,18),
(72,24),
(72,30),
(72,35),
(73,5),
(73,12),
(73,18),
(74,5),
(74,12),
(74,18),
(75,24),
(75,30),
(75,35),
(76,24),
(76,30),
(76,35),
(77,5),
(77,12),
(77,18),
(77,24),
(77,30),
(77,35),
(78,5),
(78,12),
(78,18),
(79,5),
(79,12),
(79,18),
(80,24),
(80,30),
(80,35),
(84,24),
(84,30),
(84,35),
(86,24),
(86,30),
(86,35),
(88,26),
(88,31),
(88,36),
(97,24),
(97,30),
(97,35),
(101,24),
(101,30),
(101,35),
(102,6),
(102,14),
(102,20),
(103,7),
(103,14),
(103,20),
(103,26),
(103,31),
(103,36),
(104,24),
(104,30),
(104,35),
(105,5),
(105,12),
(105,18),
(107,5),
(107,12),
(107,18),
(108,24),
(108,30),
(108,35),
(109,24),
(109,30),
(109,35),
(112,5),
(112,12),
(112,18),
(129,22),
(129,28),
(129,33),
(130,26),
(130,31),
(130,36),
(131,26),
(131,31),
(131,36),
(138,22),
(138,28),
(138,33),
(145,24),
(145,30),
(145,35),
(146,5),
(146,12),
(146,18),
(147,5),
(147,12),
(147,18),
(148,24),
(148,30),
(148,35),
(162,22),
(162,28),
(162,33),
(170,22),
(170,28),
(170,33),
(174,5),
(174,12),
(174,18),
(175,5),
(175,12),
(175,18),
(176,5),
(176,12),
(176,18),
(177,5),
(177,12),
(177,18),
(178,5),
(178,12),
(178,18),
(179,26),
(179,31),
(179,36),
(180,26),
(180,31),
(180,36),
(188,26),
(188,31),
(188,36),
(192,5),
(192,12),
(192,18),
(194,25),
(194,29),
(194,35),
(197,25),
(197,29),
(197,35),
(198,7),
(198,14),
(198,20),
(199,25),
(199,29),
(199,35),
(201,7),
(201,14),
(201,20),
(202,25),
(202,29),
(202,35),
(203,25),
(203,29),
(203,35),
(205,7),
(205,14),
(205,20),
(206,7),
(206,14),
(206,20),
(207,25),
(207,29),
(207,35),
(208,7),
(208,14),
(208,20),
(211,7),
(211,14),
(211,20),
(213,7),
(213,14),
(213,20),
(216,25),
(216,29),
(216,35),
(220,7),
(220,14),
(220,20),
(228,5),
(228,12),
(228,18),
(228,24),
(228,28),
(228,33),
(229,5),
(229,12),
(229,18),
(229,25),
(229,28),
(229,33),
(233,5),
(233,12),
(233,18),
(233,24),
(233,30),
(233,36),
(234,7),
(234,14),
(234,20),
(234,26),
(234,31),
(234,36),
(246,5),
(246,12),
(246,18),
(249,7),
(249,14),
(249,20),
(295,6),
(295,13),
(295,19),
(296,6),
(296,13),
(296,19),
(297,6),
(297,14),
(297,20),
(299,6),
(299,14),
(299,20),
(303,24),
(303,30),
(303,33),
(304,6),
(304,14),
(304,20),
(306,6),
(306,13),
(306,19),
(307,6),
(307,13),
(307,19),
(326,4),
(326,11),
(328,24),
(328,30),
(328,33),
(330,6),
(330,10),
(331,6),
(332,2),
(332,9),
(332,16),
(333,3),
(333,10),
(333,17),
(339,3),
(339,10),
(339,17),
(342,24),
(342,30),
(342,35),
(343,5),
(343,10),
(343,17),
(344,24),
(344,30),
(344,35),
(345,5),
(345,9),
(345,16),
(349,3),
(349,10),
(349,17),
(389,23),
(389,29),
(389,34),
(394,7),
(394,12),
(394,20),
(396,5),
(396,14),
(396,20),
(398,5),
(398,14),
(398,20),
(399,5),
(399,12),
(399,20),
(400,5),
(400,14),
(400,20),
(402,22),
(402,29),
(402,34),
(404,23),
(404,29),
(404,34),
(405,22),
(405,29),
(405,34),
(406,23),
(406,29),
(406,34),
(438,24),
(438,30),
(438,35),
(439,24),
(439,30),
(439,35),
(440,5),
(440,12),
(440,18),
(440,24),
(440,30),
(440,35),
(441,5),
(441,12),
(441,18),
(442,5),
(442,12),
(442,18),
(457,5),
(457,12),
(457,18),
(459,5),
(459,12),
(459,18),
(460,5),
(460,12),
(460,18),
(461,22),
(461,28),
(461,33),
(470,2),
(470,9),
(470,16),
(471,3),
(471,10),
(471,17),
(471,22),
(471,28),
(471,33),
(472,22),
(472,28),
(472,33),
(473,23),
(473,29),
(473,34),
(475,2),
(475,9),
(475,16)
